10000
10000
9999.0
10000
10000
10000
10000
10000
10000
10000
10000
10000
400
1514.1796875
1648.8156302421896
1642.5
1600.0
1514.3509104924
1667.677703499794
100.0
60.0
20.0
100.0
100.0
60.0
100.0
60.0
20.0
100.0
60.0
1100.0
700.4833984375
220.0
1091.7120168629021
660.0
2100.0
1638.7577725452854
749.5082138389871
1613.4115291486382
1295.01953125
3100.0
1820.625
1751.7195282525981
2640.9596597110035
2151.2375939751014
4100.000000000001
2752.5607420163756
2587.298497081307
3230.172776442302
0
1000.0
1000.0
1000.0
1000.0
1000.0
1000.0
1000.0
1000.0
1000.0
1000.0
1000.0
1000.0
1000.0
0
0
500.0
600.0
600.0
600.0
600.0
600.0
490.0
1100.0
1100.0
1000.0
1000.0
1000.0
1000.0
1100.0
1100.0
1100.0
0
0
40.0
40.0
1207.2589012794197
920.625
100.0
100.0
60.0
20.0
100.0
60.0
1100.0
670.0
260.0
1112.5
550.0
2100.0
1123.125
935.0390625
1760.1953125
1190.0
3100.0
2075.606092810631
1609.4202850450486
2315.46875
2151.0787963867188
4100.0
2594.658203125
2079.811392592413
2910.15204324232
2196.441675341385
5100.0
3199.5076649822295
2561.7134225061245
3246.8663329151595
2459.665808932882
6100.0
3514.9855664248294
2945.988261054382
4160.6782820767585
3341.3114028462355
7100.000000000001
4704.062560592773
3998.0840989358185
4635.867677352048
4656.115698428439
8099.999999999998
4741.363315988979
4078.410167793804
5854.864366992871
4910.514777098644
9100.0
5887.111009609045
6381.885721516276
6561.119489543768
5816.590043994113
